,Fp1,Fp2,F7,F3,Fz,F4,F8,FC5,FC1,FC2,FC6,T7,C3,Cz,C4,T8,TP9,CP5,CP1,CP2,CP6,TP10,P7,P3,Pz,P4,P8,PO9,O1,Oz,O2,PO10
165597,348,573,615,283,337,524,450,644,271,321,539,792,420,48,545,297,524,287,8,343,641,722,498,527,393,604,710,337,611,738,505,392
165598,378,625,668,324,334,536,428,643,294,334,561,778,423,47,549,150,476,296,4,330,646,549,505,512,394,576,617,311,607,712,480,377
165599,385,652,708,298,341,463,471,684,289,309,555,778,435,61,533,496,543,303,6,309,607,634,547,533,398,562,578,326,648,742,503,446
165600,372,625,670,327,347,492,471,698,289,327,601,792,413,47,551,770,520,299,3,319,532,803,509,531,400,576,626,302,663,747,495,508
165601,317,543,619,327,331,476,453,673,293,325,590,770,422,70,561,630,583,273,-4,333,564,842,492,515,386,599,672,228,639,746,484,493
165602,240,489,620,305,313,466,440,641,270,332,581,731,408,72,543,503,556,258,-24,325,584,831,519,505,367,595,673,222,629,711,467,389
165603,260,513,627,314,342,520,477,630,285,346,632,752,401,84,574,492,468,262,-20,344,600,819,527,492,387,604,632,190,636,727,499,416
165604,289,579,531,322,343,485,449,610,282,345,630,702,409,97,580,504,489,249,0,353,604,870,531,494,414,626,629,198,618,765,530,566
165605,305,588,504,309,338,487,485,599,288,334,593,709,398,88,566,508,580,279,20,361,607,887,593,534,419,610,645,389,678,794,525,468
165606,319,584,535,290,337,484,501,647,284,345,610,751,419,79,577,522,572,286,12,361,628,863,557,548,396,591,675,531,707,777,523,283
165607,273,548,466,303,321,425,476,691,285,339,572,756,417,84,554,548,621,275,4,346,617,835,492,528,385,602,695,428,679,756,522,336
165608,263,518,521,295,290,405,475,702,296,291,467,770,422,78,532,530,586,279,3,318,588,794,479,530,406,599,630,444,682,749,489,419
165609,217,483,566,273,285,391,432,659,280,294,513,751,397,62,520,518,499,243,-25,298,577,706,438,495,366,553,543,214,610,704,464,457
165610,226,426,557,213,287,410,401,663,266,307,541,784,368,63,510,513,498,234,-37,289,581,775,445,477,352,545,564,245,587,684,486,495
165611,249,373,543,206,298,464,406,722,264,295,534,790,371,60,506,473,467,215,-37,289,572,804,384,447,349,538,577,278,554,677,460,394
165612,227,409,570,247,305,471,390,753,280,315,529,850,412,68,508,467,471,243,-24,317,581,697,413,481,349,523,576,306,588,715,471,345
165613,214,387,573,229,291,490,448,664,281,319,566,820,384,40,482,457,381,197,-40,302,577,687,318,425,327,518,630,211,531,694,450,307
165614,245,433,537,208,290,496,450,549,268,319,569,723,334,40,459,426,455,165,-55,285,549,764,281,403,326,511,611,234,529,682,441,385
165615,253,514,537,200,294,439,467,471,267,292,507,655,325,48,467,464,530,162,-77,271,536,796,334,435,335,501,544,323,573,693,448,481
165616,234,491,509,221,289,428,411,503,274,297,529,636,335,42,472,445,496,162,-60,267,500,758,392,438,329,470,466,279,567,641,434,400
165617,169,457,501,263,299,448,356,559,288,321,505,648,358,54,475,382,544,185,-65,271,468,650,444,432,312,460,434,261,560,645,425,299
165618,185,516,487,254,280,485,411,574,275,314,521,679,345,45,492,405,591,195,-65,274,508,680,457,446,316,488,492,264,549,657,447,388
165619,220,508,520,250,275,522,376,553,261,316,537,656,344,56,493,422,537,201,-65,273,548,687,498,461,319,493,553,315,581,702,486,488
165620,232,447,566,256,285,555,364,593,251,328,518,643,339,56,488,453,480,198,-74,270,566,765,436,435,312,514,563,270,559,691,447,509
165621,235,450,585,252,289,495,399,637,254,333,527,672,360,56,496,432,508,199,-56,287,571,777,400,444,326,517,565,294,568,674,427,485
165622,268,504,648,250,310,494,432,574,266,347,577,714,381,83,516,459,508,228,-29,325,596,752,435,467,363,525,591,204,570,673,395,458
165623,204,504,572,195,277,490,465,456,245,348,605,650,324,60,518,443,467,186,-60,304,594,731,408,455,328,515,612,124,540,653,412,484
165624,130,519,488,180,262,445,433,450,241,322,569,625,310,58,489,447,478,184,-83,289,578,691,462,450,304,509,552,297,555,633,428,432
165625,113,498,419,183,270,477,410,492,242,317,554,658,354,89,529,455,506,228,-33,303,573,610,522,471,342,525,541,286,566,646,405,346
165626,147,454,465,230,274,516,385,556,270,344,570,707,383,106,545,466,577,257,0,319,578,732,531,498,372,533,569,245,597,655,433,396
165627,196,519,541,276,288,489,400,618,293,336,534,778,406,111,528,514,626,304,-3,320,574,803,594,515,367,563,620,312,618,694,472,511
165628,256,528,587,277,306,453,415,726,300,299,515,811,418,89,511,458,598,317,-32,306,525,772,613,511,353,537,601,346,614,680,442,474
165629,307,472,624,259,280,458,398,707,285,277,480,777,384,45,448,109,486,245,-62,254,490,701,524,461,302,483,496,295,558,631,372,387
165630,364,506,652,317,306,485,413,631,293,288,465,770,369,37,442,57,492,216,-71,240,521,698,476,437,283,482,476,282,532,618,379,398
165631,361,518,660,302,303,489,378,618,293,274,429,756,363,31,406,411,457,198,-85,231,448,719,409,416,267,464,473,243,504,586,352,406
165632,351,571,633,287,298,468,407,632,292,286,466,734,361,29,414,675,430,203,-92,227,375,786,389,407,280,431,473,194,492,577,331,398
165633,364,599,667,306,334,539,432,659,297,323,518,757,368,46,458,544,477,208,-69,248,441,724,407,419,288,433,456,193,492,579,314,296
165634,389,579,678,315,344,576,389,649,299,334,592,763,363,47,467,478,501,191,-65,262,483,721,424,426,291,442,458,244,508,588,343,322
165635,343,459,597,269,319,585,403,510,264,341,612,727,322,39,475,470,481,186,-85,238,471,758,379,420,293,449,477,283,505,595,341,332
165636,274,357,469,264,315,542,441,528,253,319,554,717,309,30,456,501,500,188,-102,227,493,731,405,429,284,433,542,251,505,555,325,121
165637,233,345,520,282,300,519,478,564,247,302,533,738,320,14,433,504,493,197,-102,224,521,643,415,404,268,444,667,188,462,537,298,95
165638,231,422,564,319,294,518,462,616,290,301,515,766,361,28,431,510,492,229,-75,219,518,583,449,424,282,456,675,203,481,571,340,233
165639,269,580,565,332,293,470,529,659,297,294,492,781,360,18,416,509,431,219,-73,207,492,579,477,429,264,425,575,218,459,512,254,239
165640,283,614,524,308,291,491,465,635,283,288,479,826,353,29,419,471,423,244,-54,240,486,559,457,440,289,420,555,291,467,497,270,134
165641,285,547,439,294,277,514,379,636,275,300,518,846,354,60,448,457,473,258,-34,266,507,636,460,459,293,443,568,355,519,575,300,300
165642,271,587,501,314,287,522,406,681,282,305,567,867,370,53,468,461,469,243,-35,256,521,764,392,426,301,452,521,158,457,554,308,462
165643,267,660,576,321,310,460,444,701,267,315,549,852,371,67,437,436,451,210,-41,250,494,851,369,429,315,441,489,215,479,570,315,489
165644,299,690,667,331,325,448,500,733,280,315,594,805,373,70,450,408,580,210,-24,255,466,724,376,438,304,433,494,318,483,548,302,269
165645,311,661,705,360,330,483,496,735,294,308,548,752,363,51,426,434,666,229,-29,237,463,646,435,431,291,440,459,306,508,550,317,299
165646,362,626,658,318,328,552,454,681,290,316,564,799,350,53,426,403,658,236,-48,228,441,700,457,421,284,424,441,292,503,561,341,475
165647,425,636,658,278,292,545,461,625,270,314,561,809,355,26,428,389,613,210,-67,224,433,729,434,411,288,425,480,233,457,557,309,499
165648,480,680,653,317,329,520,475,656,284,308,557,765,366,52,436,428,605,225,-75,231,453,700,477,423,290,431,495,224,451,550,318,486
165649,465,709,682,327,325,489,459,673,296,285,531,740,374,48,410,475,613,260,-74,237,460,694,460,435,298,419,493,243,493,559,349,462
165650,447,658,694,356,328,476,469,719,331,292,533,760,415,46,423,447,621,261,-32,239,447,689,486,459,308,432,501,300,507,564,330,409
165651,436,586,667,375,332,493,453,814,342,293,524,775,450,40,441,426,551,257,-40,232,436,706,413,443,301,424,475,267,467,551,304,398
165652,429,584,672,402,335,522,506,870,355,318,556,795,435,48,434,471,546,278,-37,229,484,760,413,447,282,428,502,228,447,516,281,364
165653,441,569,685,420,327,518,533,794,340,302,554,807,413,56,435,518,590,279,-26,231,518,779,430,446,269,429,539,215,434,533,287,417
165654,442,547,660,392,328,500,527,739,309,297,569,799,401,39,455,534,577,268,-44,231,532,866,439,459,252,450,626,304,474,579,350,522
165655,453,568,691,381,354,524,544,699,327,321,577,865,404,46,460,521,631,286,-21,232,529,752,488,461,279,445,620,277,512,589,337,472
165656,455,633,722,388,345,563,545,651,328,321,576,901,407,54,454,524,669,313,-18,245,548,667,537,488,290,443,575,304,543,602,379,377
165657,463,616,762,368,361,569,504,690,304,318,607,885,411,62,450,515,650,324,-28,235,523,688,542,497,280,428,577,163,533,577,351,344
165658,477,587,731,350,360,569,558,704,289,301,584,860,413,35,432,370,634,312,-47,219,475,629,537,481,260,385,481,216,509,562,308,328
165659,439,602,657,344,349,570,518,686,286,310,548,817,392,15,425,64,550,267,-58,200,492,738,479,466,243,399,479,377,504,588,350,411
165660,482,619,696,340,359,517,522,713,291,318,530,797,401,24,423,194,531,263,-50,214,541,788,434,453,264,421,503,309,495,606,361,387
165661,491,603,659,308,361,544,623,730,291,325,584,769,414,34,445,611,579,262,-47,227,489,871,401,462,291,436,523,327,521,630,407,422
165662,410,629,623,361,345,559,562,748,289,304,549,765,394,30,420,740,563,255,-54,197,385,817,386,452,279,393,502,372,509,617,379,401
165663,429,715,658,378,344,514,492,746,309,298,559,826,415,30,411,533,642,281,-28,224,459,805,496,489,293,422,544,339,541,639,398,421
165664,438,764,656,385,342,435,542,751,300,289,564,856,433,33,420,490,609,296,-32,226,476,778,545,509,279,435,560,289,554,637,403,444
165665,453,750,663,403,358,509,513,747,308,318,569,827,417,26,431,619,540,309,-58,235,512,753,538,490,278,442,585,244,545,654,408,471
165666,403,713,633,411,341,508,516,723,314,316,602,832,416,23,433,577,510,288,-70,226,529,715,524,468,270,451,584,212,532,639,400,447
165667,350,681,679,405,315,463,501,728,308,300,586,911,433,15,423,478,642,320,-61,215,493,723,580,498,268,440,548,286,559,646,431,404
165668,340,681,668,361,309,483,535,664,295,275,591,884,398,21,419,426,686,308,-67,227,481,776,578,501,281,460,611,285,581,714,480,422
165669,360,658,681,262,322,486,523,620,281,300,586,815,363,19,427,422,569,275,-79,236,502,794,537,463,300,475,644,192,566,722,469,389
165670,309,611,671,288,344,510,448,619,293,312,553,766,366,44,424,460,501,243,-75,223,482,696,457,454,271,456,598,159,511,641,395,345
165671,303,596,630,283,328,512,461,613,273,310,565,727,361,29,428,512,545,236,-76,210,517,652,470,453,266,455,632,231,542,617,371,161
165672,298,522,622,295,323,517,483,613,271,305,559,706,349,11,442,500,498,207,-81,226,557,666,398,409,268,484,728,56,484,667,424,149
165673,278,546,618,322,324,494,474,636,276,318,565,701,336,24,445,436,403,175,-78,226,525,704,366,402,260,465,642,83,481,682,438,349
165674,293,589,587,347,322,512,419,734,278,299,534,701,365,60,423,394,481,217,-55,223,477,759,398,452,282,447,524,290,546,744,522,601
165675,315,555,570,350,344,583,452,764,290,302,573,717,377,70,435,386,538,224,-52,231,455,769,410,432,297,451,511,356,575,740,517,531
165676,333,542,620,333,350,618,483,728,309,328,591,771,376,60,445,396,535,240,-48,228,456,721,431,444,292,449,521,291,559,701,481,485
165677,389,590,634,320,316,531,479,759,286,310,524,828,381,69,424,414,550,237,-65,216,427,777,408,432,268,429,550,272,524,684,459,535
165678,415,593,619,285,303,507,485,617,274,297,505,812,348,57,421,393,590,219,-82,212,445,763,392,411,250,431,524,247,481,631,401,513
165679,396,605,624,288,301,482,504,544,260,302,492,792,348,52,390,405,635,230,-79,200,425,752,431,433,240,437,501,356,513,666,433,496
165680,367,593,597,288,275,438,489,547,268,278,485,729,335,37,370,396,539,175,-111,175,387,723,352,386,210,398,502,379,482,641,413,454
165681,339,508,571,282,289,495,436,569,280,283,497,722,321,31,392,366,520,200,-122,154,378,640,383,365,170,344,473,298,473,593,355,378
165682,306,337,562,273,301,531,401,571,264,309,502,697,315,20,368,321,546,200,-144,120,350,600,398,355,158,310,455,283,453,567,353,352
165683,265,369,529,288,319,601,488,563,258,325,549,717,302,0,378,310,482,165,-171,114,340,535,363,326,141,287,460,144,358,512,216,266
165684,243,439,500,295,318,569,416,595,261,324,472,727,321,-9,355,321,500,185,-162,104,369,559,377,347,139,292,482,162,379,519,288,218
165685,254,432,449,302,314,507,282,597,277,314,459,672,306,0,349,295,498,184,-155,98,350,495,391,345,131,287,452,173,400,517,288,123
165686,269,501,510,326,318,536,387,592,288,314,543,682,314,-5,378,345,467,197,-145,114,343,451,379,333,121,303,466,63,359,502,242,294
165687,275,539,550,320,306,459,434,602,282,311,501,731,344,2,370,374,420,223,-141,114,361,520,410,337,127,316,482,66,364,495,285,381
165688,271,499,562,313,307,430,405,667,309,292,419,771,360,14,353,205,490,224,-127,127,376,634,439,347,151,321,460,223,413,527,295,357
165689,272,516,570,308,323,449,439,635,311,293,403,745,361,21,365,-65,578,208,-141,143,437,666,434,352,153,336,417,270,431,565,319,367
165690,211,544,560,228,302,465,402,617,280,294,416,704,328,17,362,217,526,186,-169,138,399,571,377,332,131,331,378,190,396,530,284,414
165691,185,572,571,274,294,484,378,664,272,303,504,731,340,25,357,590,468,195,-147,139,281,572,399,339,143,314,328,231,432,544,296,392
165692,269,580,530,336,329,487,427,726,289,314,520,777,360,17,367,551,541,246,-129,144,287,645,482,380,156,329,375,278,464,568,358,402
165693,254,583,487,299,304,453,428,661,267,304,466,723,334,3,359,395,464,198,-151,129,332,654,421,365,151,316,420,171,437,532,313,322
165694,256,581,548,295,332,497,553,641,290,330,471,729,344,37,352,390,417,198,-118,138,329,634,372,376,162,312,454,76,427,539,320,312
165695,282,551,592,299,335,494,471,602,278,311,469,743,334,9,340,366,386,177,-138,140,344,642,340,356,157,330,442,250,427,540,317,347
165696,360,534,656,305,334,484,429,622,272,314,468,793,347,5,356,361,460,198,-122,144,390,727,364,370,175,343,462,368,458,564,337,366
165697,369,528,663,282,327,515,424,587,280,326,553,801,332,18,410,386,591,198,-137,169,434,765,373,389,197,384,491,331,489,610,367,435
165698,390,566,695,263,329,535,479,501,274,316,575,781,299,3,421,456,531,172,-154,162,478,803,365,378,197,388,526,283,477,605,409,445
165699,340,578,632,274,329,601,476,551,281,348,581,760,321,27,431,447,495,187,-149,165,485,722,406,399,203,407,511,294,484,613,395,369
165700,321,529,606,272,321,589,441,590,269,345,586,810,344,7,445,475,590,226,-126,175,517,774,497,424,213,430,574,395,550,656,412,329
165701,343,526,641,262,337,595,461,625,280,359,614,873,353,14,477,511,639,251,-121,225,555,803,537,447,237,478,699,346,584,704,439,286
165702,261,438,565,270,333,618,441,659,272,359,588,897,353,9,480,483,661,248,-153,202,542,846,560,447,230,482,702,273,572,679,397,383
165703,252,425,500,282,322,608,430,653,255,344,566,861,340,10,465,448,743,268,-123,196,507,818,611,469,213,452,603,263,573,681,433,489
165704,282,526,612,320,327,586,497,669,277,348,564,883,333,30,444,440,747,268,-101,202,496,789,623,458,202,424,492,196,540,651,409,511
165705,323,610,612,341,341,540,566,683,277,353,570,821,352,42,444,435,609,251,-136,195,474,737,556,415,215,407,452,60,456,585,341,431
165706,349,618,619,316,347,536,549,661,270,336,561,809,360,29,442,462,666,261,-115,218,493,779,604,431,241,435,492,184,509,637,386,435
165707,351,664,676,307,347,500,535,624,282,335,530,833,373,40,457,494,705,278,-88,242,511,822,614,467,270,481,588,359,584,665,472,404
165708,286,707,659,287,333,498,560,585,265,339,534,803,335,20,452,453,637,234,-121,201,487,795,498,424,233,457,599,256,503,643,398,393
165709,317,740,654,314,337,524,559,662,306,341,568,850,367,36,451,461,633,275,-79,211,497,859,492,433,240,449,587,280,521,655,392,486
165710,367,713,652,326,336,529,511,687,310,343,559,851,384,41,442,453,643,286,-74,210,490,868,498,442,249,437,547,366,547,686,439,586
165711,380,644,657,340,357,550,510,724,307,346,581,812,368,26,428,434,630,259,-86,189,490,838,466,410,243,427,533,425,532,664,435,533
165712,401,625,675,345,364,569,528,773,292,339,549,826,374,21,411,432,626,271,-92,180,463,788,445,383,218,411,513,443,519,648,417,450
165713,431,709,665,335,366,537,522,766,300,334,532,867,387,17,411,461,645,252,-86,192,490,809,403,395,230,443,539,459,533,658,415,466
165714,421,698,662,332,351,566,561,670,271,353,584,864,344,10,433,483,638,241,-97,199,501,828,398,395,217,427,540,385,518,649,382,453
165715,415,686,690,336,363,526,556,644,277,351,534,888,333,9,418,482,634,259,-105,180,481,837,428,381,220,433,530,352,522,633,368,469
165716,421,632,664,339,359,524,494,637,284,353,513,903,366,5,413,428,611,268,-91,188,472,817,470,402,216,418,521,362,521,619,365,415
165717,374,567,614,303,336,544,475,610,272,340,579,827,374,17,423,438,551,262,-109,210,494,784,482,410,213,432,547,339,498,631,386,350
165718,360,531,621,295,343,572,474,662,274,345,601,801,377,13,417,401,565,272,-107,199,497,788,525,420,203,451,590,339,533,650,398,433
165719,361,578,657,305,325,597,457,670,292,348,608,802,368,3,432,172,597,265,-109,196,511,792,524,424,196,433,564,250,518,665,410,488
165720,346,586,658,309,327,645,409,670,290,355,591,833,381,18,469,207,625,266,-102,228,596,874,503,432,232,495,627,301,544,703,460,627
165721,355,538,660,316,332,629,391,621,277,357,597,836,391,22,480,578,620,262,-78,252,575,954,497,453,237,510,613,333,550,707,495,621
165722,327,588,644,325,320,551,437,579,273,354,651,860,370,38,465,753,603,262,-82,227,475,843,487,462,234,454,515,347,538,656,434,446
165723,369,597,642,275,318,506,457,641,276,336,676,867,368,28,481,547,598,277,-95,221,524,742,469,459,227,465,508,393,536,655,425,420
165724,370,601,631,338,348,511,508,664,304,332,634,867,396,35,479,529,603,285,-74,230,571,800,494,477,248,492,572,415,562,677,449,495
165725,333,525,573,371,345,532,440,709,297,345,522,855,403,40,454,547,663,297,-57,232,568,806,551,508,266,478,597,492,606,701,425,452
165726,319,503,529,349,343,538,456,688,288,360,525,860,386,55,464,525,755,295,-59,257,597,832,585,521,287,499,594,538,639,727,447,469
165727,380,609,636,355,353,529,520,707,300,351,545,908,393,51,473,531,763,319,-50,251,571,796,630,534,306,497,561,554,660,733,459,443
165728,367,608,699,336,348,506,513,724,298,351,561,884,403,39,480,536,688,314,-52,247,600,839,609,506,296,498,612,527,641,734,501,530
165729,309,527,711,343,329,490,485,713,285,354,556,852,409,30,466,537,641,309,-73,244,610,766,541,520,290,523,668,489,623,756,519,569
165730,304,551,662,347,314,496,496,708,277,342,534,855,411,48,491,530,637,319,-57,263,612,739,527,501,279,513,701,377,626,744,552,456
165731,292,549,629,359,339,533,470,702,305,358,592,861,402,67,481,449,533,323,-53,271,585,752,535,501,295,513,688,426,628,742,494,384
165732,237,462,629,350,311,563,419,680,307,364,553,867,419,55,462,529,479,325,-64,264,560,749,552,503,296,509,646,419,620,718,470,483
165733,323,414,656,360,340,527,436,664,310,380,546,847,413,87,495,538,533,340,-56,280,589,628,536,496,284,514,576,291,581,708,472,510
165734,327,442,642,331,318,466,392,674,305,364,523,813,420,70,468,475,672,353,-30,284,602,627,609,523,326,534,571,447,663,738,482,486
165735,326,510,636,315,324,504,410,679,295,363,558,813,415,50,497,493,693,313,-33,291,639,808,606,526,339,533,669,339,626,718,470,360
165736,390,566,679,339,362,555,523,697,305,371,593,865,422,49,538,494,722,347,-16,291,648,882,649,532,329,540,733,311,657,698,489,383
165737,418,697,719,335,355,597,673,705,316,378,687,893,420,59,551,495,669,354,-30,293,656,889,661,527,331,540,680,393,674,722,480,463
165738,438,698,712,350,350,566,634,763,299,370,655,913,451,70,539,482,624,371,-26,280,619,827,668,527,332,517,584,347,657,752,479,438
165739,389,611,655,342,329,538,474,782,321,364,584,900,457,78,527,470,731,409,-6,309,613,830,724,565,363,549,610,178,655,749,524,544
165740,302,563,608,315,320,543,432,727,330,355,559,857,459,95,535,505,786,388,23,332,620,873,745,570,381,565,589,21,628,747,523,621
165741,244,508,634,309,315,492,435,696,327,337,473,886,475,94,499,525,703,400,30,345,619,875,731,559,394,574,606,145,669,812,573,711
165742,300,546,701,320,325,431,468,627,322,330,476,1015,466,94,512,488,680,402,33,329,577,803,748,571,384,567,585,210,681,816,569,658
165743,377,608,764,347,346,415,455,676,314,338,535,1065,454,77,482,417,657,382,-3,292,537,739,656,516,341,499,510,34,555,677,463,512
165744,370,607,731,369,347,429,436,683,324,319,487,962,443,66,442,413,625,366,-20,274,507,696,581,510,339,493,533,202,554,695,470,555
165745,353,598,691,360,320,455,476,673,325,335,485,879,438,88,460,427,585,355,-4,280,518,744,583,537,350,521,566,368,623,782,541,649
165746,343,611,679,346,320,445,408,686,326,341,504,871,434,75,439,406,532,340,10,265,495,886,531,533,352,506,577,513,644,776,548,607
